20 20 80 77 77
1 2 9 3 3 2 2 2 9 9 2 9 9 2 1 1 1 1 1 9 
9 2 2 9 9 9 2 9 3 2 3 4 5 9 2 2 9 1 1 1 
1 1 2 3 4 2 2 2 2 1 1 9 9 2 2 9 3 2 2 1 
1 1 3 9 2 0 0 1 9 1 1 2 2 1 1 1 2 9 3 9 
2 9 3 9 3 2 1 2 1 1 1 1 1 1 1 1 1 2 9 2 
9 4 3 2 9 3 9 1 0 1 2 9 2 2 9 2 1 2 1 1 
9 9 1 1 3 9 3 1 0 2 9 5 9 3 3 4 9 1 0 0 
3 3 1 0 2 9 2 0 0 2 9 9 2 2 9 9 2 2 1 1 
9 1 0 0 1 1 1 1 1 3 3 3 1 1 3 3 2 1 9 1 
2 2 2 1 1 0 0 1 9 2 9 1 0 0 1 9 1 1 1 1 
1 9 3 9 2 1 1 2 1 2 1 2 2 2 2 1 1 0 0 0 
1 2 4 9 2 1 9 2 1 1 0 1 9 9 1 0 0 0 0 0 
0 2 9 3 1 2 3 5 9 4 3 3 3 2 2 1 1 0 0 0 
0 2 9 2 0 1 9 9 9 9 9 9 1 0 1 9 2 1 1 0 
0 2 3 3 1 1 3 4 4 4 9 3 2 2 3 2 2 9 2 1 
1 2 9 9 2 1 2 9 2 2 1 1 2 9 9 1 1 2 9 1 
1 9 3 3 3 9 2 2 9 1 1 1 3 9 4 2 1 1 1 1 
1 1 2 2 9 2 1 1 1 1 1 9 2 2 3 9 1 0 0 0 
0 0 1 9 2 1 0 0 0 0 1 1 2 2 9 3 2 1 1 1 
0 0 1 1 1 0 0 0 0 0 0 0 1 9 3 9 1 1 9 1 
-
10 10 10 10 10 10 10 10 10 10 10 10 10 10 10 10 10 10 10 10 
10 10 10 10 10 10 10 10 10 10 10 10 10 10 10 10 10 10 10 10 
10 10 10 10 10 10 10 10 10 10 10 10 10 10 10 10 10 10 10 10 
10 10 10 10 10 10 10 10 10 10 10 10 10 10 10 10 10 10 10 10 
10 10 10 10 10 10 10 10 10 10 10 10 10 10 10 10 10 10 10 10 
10 10 10 10 10 10 10 10 10 10 10 10 10 10 10 10 10 10 10 10 
10 10 10 10 10 10 10 10 10 10 10 10 10 10 10 10 10 10 10 10 
10 10 10 10 10 10 10 10 10 10 10 10 10 10 10 10 10 10 10 10 
10 10 10 10 10 10 10 10 10 10 10 10 10 10 10 10 10 10 10 10 
10 10 10 10 10 10 10 10 10 10 10 10 10 10 10 10 10 10 10 10 
10 10 10 10 10 10 10 10 10 2 1 2 10 10 10 10 10 10 10 10 
10 10 10 10 10 10 10 10 10 1 0 1 10 10 10 10 10 10 10 10 
10 10 10 10 10 10 10 10 10 4 3 3 10 10 10 10 10 10 10 10 
10 10 10 10 10 10 10 10 10 11 11 11 10 10 10 10 10 10 10 10 
10 10 10 10 10 10 10 10 10 10 10 10 10 10 10 10 10 10 10 10 
10 10 10 10 10 10 10 10 10 10 10 10 10 10 10 10 10 10 10 10 
10 10 10 10 10 10 10 10 10 10 10 10 10 10 10 10 10 10 10 10 
1 10 10 10 10 10 10 10 10 10 10 10 10 10 10 10 10 10 10 10 
10 10 10 10 10 10 10 10 10 10 10 10 10 10 10 10 10 10 10 10 
10 10 10 10 10 10 10 10 10 10 10 10 10 10 10 10 10 10 10 10 
