20 20 80 73 73
9 1 0 2 9 2 0 1 9 1 0 0 1 9 1 0 0 0 1 9 
1 1 1 3 9 2 0 1 2 2 2 1 2 2 2 1 0 0 1 1 
0 0 1 9 3 2 0 0 1 9 2 9 1 1 9 1 0 0 1 1 
1 1 2 2 9 2 2 2 2 2 3 2 1 2 2 3 1 2 2 9 
1 9 1 1 1 2 9 9 2 2 9 2 0 2 9 3 9 3 9 3 
1 1 1 0 0 1 3 9 3 3 9 3 1 3 9 3 1 4 9 3 
1 2 2 1 0 0 1 1 2 9 2 2 9 2 1 2 1 3 9 2 
2 9 9 2 1 1 1 1 1 1 2 3 3 3 2 4 9 4 2 1 
2 9 5 9 2 2 9 1 1 1 3 9 9 2 9 9 9 9 2 0 
2 3 9 4 9 3 2 1 1 9 3 9 5 4 4 5 7 9 3 0 
9 3 3 9 3 9 1 1 2 2 2 2 9 9 3 9 9 9 4 2 
1 2 9 2 2 1 1 1 9 2 1 1 2 2 4 9 9 4 9 9 
0 1 1 2 2 3 2 2 2 9 2 1 0 0 3 9 4 2 2 2 
0 1 1 2 9 9 9 1 2 3 9 1 0 1 3 9 2 0 0 0 
0 1 9 2 3 4 3 1 1 9 2 1 0 1 9 2 1 0 0 0 
0 1 1 1 1 9 1 0 1 1 1 0 1 2 2 2 1 1 1 1 
0 0 1 1 2 1 1 0 0 0 0 0 2 9 2 1 9 1 1 9 
1 2 2 9 1 0 0 0 0 0 0 1 3 9 2 1 1 1 2 2 
9 2 9 2 1 0 0 1 2 2 1 2 9 3 1 0 0 0 1 9 
1 2 1 1 0 0 0 1 9 9 1 2 9 2 0 0 0 0 1 1 
-
10 10 10 10 10 10 10 10 10 10 10 10 10 10 10 10 10 10 10 10 
10 10 10 10 10 10 10 10 10 10 10 10 10 10 10 10 10 10 10 10 
10 10 10 10 10 10 10 10 10 10 10 10 10 10 10 10 10 10 10 10 
10 10 10 10 10 10 10 10 10 10 10 10 10 10 10 10 10 10 10 10 
10 10 10 10 10 10 10 10 10 10 10 10 10 10 10 10 10 10 10 10 
10 10 10 10 10 10 10 10 10 10 10 10 10 10 10 10 10 10 10 10 
10 10 10 10 10 10 10 10 10 10 10 10 10 10 10 10 10 10 10 10 
10 10 10 10 10 10 10 10 10 10 10 10 10 10 10 10 10 10 10 10 
10 10 10 10 10 10 10 10 10 10 10 10 10 10 10 10 10 10 10 10 
10 10 10 10 10 10 10 10 10 10 10 10 10 10 10 10 10 10 10 10 
10 10 10 10 10 10 10 1 10 10 10 10 10 10 10 10 10 10 10 10 
10 10 10 10 10 10 10 10 10 10 10 1 2 2 4 10 10 10 10 10 
10 10 10 10 10 10 10 10 10 10 10 1 0 0 3 10 10 10 10 10 
10 10 10 10 10 10 10 10 10 10 10 1 0 1 3 10 10 10 10 10 
10 10 10 10 10 10 3 1 1 11 2 1 0 1 11 10 10 10 10 10 
10 10 10 10 10 11 1 0 1 1 1 0 1 2 10 10 10 10 10 10 
10 10 10 10 2 1 1 0 0 0 0 0 2 11 10 10 10 10 10 10 
10 10 10 11 1 0 0 0 0 0 0 1 3 10 10 10 10 10 10 10 
10 10 10 2 1 0 0 1 2 2 1 2 11 10 10 10 10 10 10 10 
10 10 10 1 0 0 0 1 11 10 10 10 10 10 10 10 10 10 10 10 
