40 50 400 376 376
9 2 0 1 9 1 1 1 2 2 2 1 0 1 2 2 1 0 0 1 9 1 0 0 1 1 2 9 1 0 1 9 1 0 1 2 2 1 2 9 9 2 9 1 0 1 2 9 1 0 
9 3 1 2 2 1 2 9 3 9 9 2 1 2 9 9 1 0 1 2 2 2 1 2 2 9 3 2 1 1 2 2 1 0 1 9 9 1 2 9 3 2 1 1 0 1 9 3 2 1 
9 2 1 9 1 0 2 9 3 2 2 2 9 2 2 2 1 1 2 9 2 2 9 2 9 3 9 3 2 2 9 1 0 0 1 2 2 2 2 2 1 0 0 0 0 1 1 2 9 1 
1 1 1 1 2 1 2 2 3 2 2 3 3 2 0 0 0 1 9 2 2 9 2 2 2 3 3 9 9 4 3 2 0 0 0 0 0 1 9 2 1 1 0 1 1 1 0 1 1 1 
0 0 0 1 2 9 2 2 9 9 3 9 9 2 1 0 0 1 1 1 1 1 1 0 1 9 3 3 3 9 9 1 0 0 0 1 1 3 2 3 9 1 0 1 9 1 0 1 1 1 
0 0 0 1 9 3 9 2 3 4 9 4 4 9 1 0 0 0 0 0 0 0 0 0 2 3 9 2 2 2 3 2 1 1 1 2 9 2 9 2 1 1 0 1 1 1 1 2 9 1 
0 1 1 2 1 2 1 1 1 9 3 9 3 2 2 0 0 1 1 1 0 0 1 2 3 9 4 9 3 1 1 9 2 3 9 3 1 2 2 3 2 1 0 1 1 1 1 9 2 1 
0 1 9 1 0 0 0 0 2 2 3 2 3 9 3 2 2 3 9 2 0 0 1 9 9 3 3 9 9 2 1 2 9 3 9 2 0 0 1 9 9 1 0 1 9 1 1 1 2 1 
1 2 2 2 1 1 1 1 2 9 1 1 9 4 9 9 2 9 9 2 0 0 1 3 9 2 1 4 9 4 1 1 1 2 2 2 1 0 1 2 2 1 0 1 1 2 1 1 1 9 
1 9 2 2 9 2 2 9 2 2 2 2 2 4 9 4 4 3 3 2 1 2 1 3 2 2 0 2 9 9 2 1 1 1 2 9 2 2 1 2 2 3 2 1 1 2 9 2 3 3 
1 1 2 9 2 2 9 3 2 1 9 1 2 9 4 9 2 9 2 2 9 3 9 3 9 2 0 1 2 2 2 9 3 3 9 3 9 3 9 3 9 9 9 1 1 9 2 2 9 9 
0 1 2 2 1 2 3 9 1 1 2 2 3 9 4 2 2 2 9 2 2 9 2 3 9 2 0 0 1 1 2 2 9 9 2 2 1 3 9 3 4 9 5 2 1 1 1 2 3 3 
0 1 9 1 0 1 9 2 2 1 2 9 3 4 9 2 0 1 1 1 2 2 3 2 2 1 0 1 2 9 1 1 2 2 1 0 0 1 1 1 3 9 9 1 0 0 0 1 9 1 
1 2 1 1 0 1 2 3 4 9 4 3 9 3 9 2 1 1 1 0 1 9 3 9 3 1 1 2 9 2 1 0 0 1 1 1 0 0 0 0 2 9 3 1 0 0 1 2 2 1 
9 2 0 0 1 1 2 9 9 9 3 9 2 2 1 1 2 9 2 0 1 1 3 9 9 1 1 9 3 2 1 1 1 3 9 3 1 2 1 1 1 1 1 0 1 1 2 9 2 1 
9 3 1 1 1 9 3 3 3 2 2 1 1 1 2 2 3 9 2 0 0 1 3 4 3 2 2 2 2 9 1 1 9 3 9 3 9 3 9 1 0 1 1 1 1 9 2 1 2 9 
2 3 9 1 2 3 9 1 0 0 1 1 2 2 9 9 3 3 3 1 0 2 9 9 2 1 9 1 1 1 1 1 2 3 2 2 3 9 3 1 0 2 9 3 2 2 2 1 1 1 
1 9 2 1 1 9 2 2 1 2 2 9 3 9 3 3 3 9 9 1 0 2 9 9 3 2 1 2 1 1 0 1 2 9 1 0 3 9 3 0 1 4 9 9 2 2 9 2 0 0 
2 2 2 0 1 2 2 3 9 4 9 4 9 3 2 2 9 3 2 2 1 2 3 4 9 1 0 1 9 1 0 2 9 5 3 2 3 9 3 1 2 9 9 9 2 2 9 2 1 1 
1 9 2 2 3 3 9 3 9 5 9 4 1 2 9 2 1 1 0 1 9 2 2 9 2 1 1 2 2 2 1 3 9 9 9 3 9 2 2 9 2 2 3 2 2 3 3 2 1 9 
1 2 4 9 9 9 3 3 1 4 9 3 0 1 1 1 0 0 0 1 3 9 3 1 1 1 2 9 1 1 9 2 2 4 9 4 2 2 1 1 1 0 0 0 1 9 9 3 2 1 
0 1 9 9 5 5 9 3 1 2 9 2 1 1 1 1 2 2 1 1 4 9 3 0 1 2 9 3 2 1 1 1 0 1 2 3 9 2 1 0 1 1 1 1 3 5 9 9 2 1 
1 2 2 2 2 9 9 9 2 1 1 2 2 9 1 1 9 9 2 2 9 9 3 0 1 9 3 9 1 0 0 0 0 0 1 9 4 9 2 1 1 9 1 1 9 9 3 3 9 1 
9 1 0 0 1 2 4 9 3 1 2 3 9 3 2 2 3 3 9 2 3 9 2 0 1 1 3 3 4 2 1 0 0 0 1 2 9 4 9 2 1 1 1 1 2 2 1 1 1 1 
1 1 1 1 1 1 2 2 2 9 3 9 9 4 2 9 2 2 2 1 2 2 3 1 1 0 1 9 9 9 2 1 1 1 2 3 3 4 9 2 1 1 1 0 0 0 0 0 0 0 
0 0 1 9 1 1 9 1 1 3 9 5 9 9 3 2 3 9 1 1 2 9 3 9 1 0 1 2 4 4 9 1 1 9 3 9 9 2 1 1 1 9 3 2 2 1 1 1 1 1 
0 0 1 1 1 1 1 2 1 3 9 4 3 2 2 9 2 1 1 1 9 3 9 2 1 1 2 2 2 9 3 2 2 1 4 9 4 1 0 0 1 2 9 9 2 9 1 2 9 2 
1 2 2 1 0 0 0 2 9 4 3 9 1 0 1 1 1 0 1 2 2 3 2 3 1 3 9 9 2 1 2 9 1 0 2 9 3 1 1 1 2 2 3 3 3 2 1 2 9 2 
3 9 9 2 1 1 1 3 9 9 3 2 1 0 0 1 1 2 3 9 2 1 9 2 9 3 9 3 2 1 2 2 2 1 1 2 9 1 1 9 2 9 2 2 9 1 0 1 1 1 
9 9 5 3 9 1 1 9 3 3 9 1 1 1 2 2 9 2 9 9 3 2 2 3 2 3 1 1 1 9 1 1 9 1 0 1 1 1 2 3 4 3 9 3 2 1 0 0 0 0 
9 9 4 9 2 1 2 2 3 2 2 1 2 9 4 9 3 2 2 2 2 9 1 1 9 1 0 0 1 1 2 2 2 1 0 0 0 0 2 9 9 2 3 9 2 0 0 0 1 1 
4 9 5 2 3 1 2 9 2 9 2 1 3 9 4 9 2 0 0 0 1 1 1 1 1 1 0 0 0 1 2 9 2 1 1 0 0 1 3 9 3 1 2 9 3 2 2 2 2 9 
2 9 3 9 2 9 3 2 2 1 2 9 2 2 3 2 1 0 0 0 0 0 1 1 1 0 0 1 2 3 9 2 2 9 1 0 0 1 9 2 1 0 1 2 3 9 9 3 9 2 
2 2 3 1 2 2 9 1 0 0 1 2 2 3 9 3 1 0 1 1 1 0 1 9 1 0 0 1 9 9 2 1 2 2 2 0 0 2 2 2 0 1 1 2 9 3 3 9 3 2 
2 9 2 0 0 1 2 2 1 0 0 2 9 4 9 9 1 0 1 9 1 0 1 1 1 1 1 2 2 2 1 0 2 9 2 0 1 2 9 1 0 2 9 4 2 3 2 3 3 9 
2 9 4 2 1 0 2 9 3 1 0 2 9 3 2 2 2 1 2 1 1 0 0 0 0 1 9 1 0 0 0 1 3 9 3 1 1 9 3 2 1 3 9 5 9 3 9 3 9 2 
2 3 9 9 1 1 3 9 9 2 1 2 1 1 0 0 1 9 2 1 2 1 1 0 0 2 3 4 2 2 1 2 9 4 9 3 2 3 3 9 1 2 9 9 3 9 5 9 3 1 
9 3 3 3 1 1 9 3 2 2 9 1 0 1 1 2 2 3 4 9 3 9 2 1 1 2 9 9 9 2 9 2 1 3 9 3 9 3 9 3 1 1 2 2 3 3 9 9 3 1 
1 3 9 2 0 1 1 1 0 1 2 2 1 1 9 2 9 2 9 9 5 4 4 9 1 2 9 4 2 2 1 1 0 1 1 2 1 3 9 2 0 0 0 0 2 9 4 3 9 1 
0 2 9 2 0 0 0 0 0 0 1 9 1 1 1 2 1 2 2 3 9 9 9 2 1 1 1 1 0 0 0 0 0 0 0 0 0 1 1 1 0 0 0 0 2 9 2 1 1 1 
-
10 10 10 10 10 10 10 10 10 10 2 1 0 1 2 2 1 0 0 1 11 1 0 0 1 10 10 10 10 10 10 10 10 10 10 10 10 10 10 10 10 10 10 10 10 10 10 10 10 10 
10 10 10 10 10 10 10 10 10 10 11 2 1 2 11 11 1 0 1 2 2 2 1 2 2 10 10 10 10 10 10 10 10 10 10 10 10 10 10 10 10 10 10 10 10 10 10 10 10 10 
10 10 10 10 10 10 10 10 10 10 2 2 11 2 2 2 1 1 2 11 2 2 11 2 11 3 10 10 10 10 10 10 10 10 10 10 10 10 10 2 10 10 10 10 10 10 10 10 10 10 
10 10 10 10 10 10 10 10 10 10 2 3 3 2 0 0 0 1 11 2 2 11 2 2 2 3 10 10 10 10 10 10 10 10 10 10 10 10 10 10 10 10 10 10 10 10 10 10 10 10 
10 10 10 10 10 10 10 10 10 10 3 11 11 2 1 0 0 1 1 1 1 1 1 0 1 11 10 10 10 10 10 10 10 10 10 10 10 10 10 10 10 10 10 10 10 10 10 10 10 10 
10 10 10 10 10 10 10 10 10 10 10 10 4 11 1 0 0 0 0 0 0 0 0 0 2 3 10 10 10 10 10 10 10 10 10 10 10 10 10 10 10 10 10 10 10 10 10 10 10 10 
10 10 10 10 10 10 10 10 10 10 10 10 3 2 2 0 0 1 1 1 0 0 1 2 3 11 10 10 10 10 10 10 10 10 10 10 10 10 10 10 10 10 10 10 10 10 10 10 10 10 
10 10 10 10 10 10 10 10 10 10 10 2 3 11 3 2 2 3 11 2 0 0 1 11 11 3 10 10 10 10 10 10 10 10 10 10 10 10 10 10 10 10 10 10 10 10 10 10 10 10 
10 10 10 10 10 10 10 10 10 10 10 10 10 10 10 11 10 10 11 2 0 0 1 3 10 10 10 10 10 10 10 10 10 10 10 10 10 10 10 10 10 10 10 10 10 10 10 10 10 10 
10 10 10 10 10 10 10 10 10 10 10 10 10 10 10 10 10 10 3 2 1 2 1 3 10 10 10 10 10 10 10 10 10 10 10 10 10 10 10 10 10 10 10 10 10 10 10 10 10 10 
10 10 10 10 10 10 10 10 10 10 10 10 10 10 10 10 10 10 2 2 11 3 11 3 11 10 10 10 10 10 10 10 10 10 10 10 10 10 10 10 10 10 10 10 10 10 10 10 10 10 
10 10 10 10 10 10 10 10 10 10 10 10 10 10 10 10 10 10 10 10 10 10 10 10 10 10 10 10 10 10 10 10 10 10 10 10 10 10 10 10 10 10 10 10 10 10 10 10 10 10 
10 10 10 1 10 10 10 10 10 10 10 10 10 10 10 10 10 10 10 10 10 10 10 10 10 10 10 10 10 10 10 10 10 10 10 10 10 10 10 10 10 10 10 10 10 10 10 10 10 10 
10 10 10 10 10 10 10 10 10 10 10 10 10 10 10 10 10 10 10 10 10 10 10 10 10 10 10 10 10 10 10 10 10 10 10 10 10 10 10 10 10 10 10 10 10 10 10 10 10 10 
10 10 10 10 10 10 10 10 10 10 10 10 10 10 10 10 10 10 10 10 10 10 10 10 10 10 10 10 10 10 10 10 10 10 10 10 10 10 10 10 10 10 10 10 10 10 10 10 10 10 
10 10 10 10 10 10 10 10 10 10 10 10 10 10 10 10 10 10 2 10 10 10 10 10 10 10 10 10 10 10 10 10 10 10 10 10 10 10 10 10 10 10 10 10 10 10 10 10 10 10 
10 10 10 10 10 10 10 10 10 10 10 10 10 10 10 10 10 10 10 10 10 10 10 10 10 10 10 10 10 10 10 10 10 10 10 10 10 10 10 10 10 10 10 10 10 10 10 10 10 10 
10 10 10 10 10 10 10 10 10 10 10 10 10 10 10 10 10 10 10 10 10 10 10 10 10 10 10 10 10 10 10 10 10 10 10 10 10 10 10 10 10 10 10 10 10 10 10 10 10 10 
10 10 10 10 10 10 10 10 10 10 10 10 10 10 10 10 10 10 10 10 10 10 10 10 10 10 10 10 10 10 10 10 10 10 10 10 10 10 10 10 10 10 10 10 10 10 10 10 10 10 
10 10 10 10 10 10 10 10 10 10 10 10 10 10 10 10 10 10 10 10 10 10 10 10 10 10 10 10 10 10 10 10 10 10 10 10 10 10 10 10 10 10 10 10 10 10 10 10 10 10 
10 10 10 10 10 10 10 10 10 10 10 10 10 10 10 10 10 10 10 10 10 10 10 10 10 10 10 10 10 10 10 10 10 10 10 10 10 10 10 10 10 10 10 10 10 10 10 10 10 10 
10 10 10 10 10 10 10 10 10 10 10 10 10 10 10 10 10 10 10 10 10 10 10 10 10 10 10 10 10 10 10 10 10 10 10 10 10 10 10 10 10 10 10 10 10 10 10 10 10 10 
10 10 10 10 10 10 10 10 10 10 10 10 10 10 10 10 10 10 10 10 10 10 10 10 10 10 10 10 10 10 10 10 10 10 10 10 10 10 10 10 10 10 10 10 10 10 10 10 10 10 
10 10 10 10 10 10 10 10 10 10 10 10 10 10 10 10 10 10 10 10 10 10 10 10 10 10 10 10 10 10 10 10 10 10 10 10 10 10 10 10 10 10 10 10 10 10 10 10 10 10 
10 10 10 10 10 10 10 10 10 10 10 10 10 10 10 10 10 10 10 10 10 10 10 10 10 10 10 10 10 10 10 10 10 10 10 10 10 10 10 10 10 10 10 10 10 10 10 10 10 10 
10 10 10 10 10 10 10 10 10 10 10 10 10 10 10 10 10 10 10 10 10 10 10 10 10 10 10 10 10 10 10 10 10 10 10 10 10 10 10 10 10 10 10 10 10 10 10 10 10 10 
10 10 10 10 10 10 10 10 10 10 10 10 10 10 10 10 10 10 10 10 10 10 10 10 10 10 10 10 10 10 10 10 10 10 10 10 10 10 10 10 10 10 10 10 10 10 10 10 10 10 
10 10 10 10 10 10 10 10 10 10 10 10 10 10 10 10 10 10 10 10 10 10 10 10 10 10 10 10 10 10 10 10 10 10 10 10 10 10 10 10 10 10 10 10 10 10 10 10 10 10 
10 10 10 10 10 10 10 10 10 10 10 10 10 10 10 10 10 10 10 10 10 10 10 10 10 10 10 10 10 10 10 10 10 10 10 10 10 10 10 10 10 10 10 10 10 10 10 10 10 10 
10 10 10 10 10 10 10 10 10 10 10 10 10 10 10 10 10 10 10 10 10 10 10 10 10 10 10 10 10 10 10 10 10 10 10 10 10 1 10 10 10 10 10 10 10 10 10 10 10 10 
10 10 10 10 10 10 10 10 10 10 10 10 10 10 10 10 10 10 10 10 10 10 10 10 10 10 10 10 10 10 10 10 10 10 10 10 10 10 10 10 10 10 10 10 10 10 10 10 10 10 
10 10 10 10 10 10 10 10 10 10 10 10 10 10 10 10 10 10 10 10 10 10 10 10 10 10 10 10 10 10 10 10 10 10 10 10 10 10 10 10 10 10 10 10 10 10 10 10 10 10 
10 10 10 10 10 10 10 10 10 10 10 10 10 10 10 10 10 10 10 10 10 10 10 10 10 10 10 10 10 10 10 10 10 10 10 10 10 10 10 10 10 10 10 10 10 10 10 10 10 10 
10 10 10 10 10 10 10 10 10 10 10 10 10 10 10 10 10 10 10 10 10 10 10 10 10 10 10 10 10 10 10 10 10 10 10 10 10 10 10 10 10 10 10 10 10 10 10 10 10 10 
10 10 10 10 10 10 10 10 10 10 10 10 10 10 10 10 10 10 10 10 10 10 10 10 10 10 10 10 10 10 10 10 10 10 10 10 10 10 10 10 10 10 10 10 10 10 10 10 10 10 
10 10 10 10 10 10 10 10 10 10 10 10 10 10 10 10 10 10 10 10 10 10 10 10 10 10 10 10 10 10 10 10 10 10 10 10 10 10 10 10 10 10 10 10 10 10 10 10 10 10 
10 10 10 10 10 10 10 10 10 10 10 10 10 10 10 10 10 10 10 10 10 10 10 10 10 10 10 10 10 10 10 10 10 10 10 10 10 10 10 10 10 10 10 10 10 10 10 10 10 10 
10 10 10 10 10 10 10 10 10 10 10 10 10 10 10 10 10 10 10 10 10 10 10 10 10 10 10 10 10 10 10 10 10 10 10 10 10 10 10 10 10 10 10 10 10 10 10 10 10 10 
10 10 10 10 10 10 10 10 10 10 10 10 10 10 10 10 10 10 10 10 10 10 10 10 10 10 10 10 10 2 10 10 10 10 10 10 10 10 10 10 10 10 10 10 10 10 10 10 10 10 
10 10 10 10 10 10 10 10 10 10 10 10 10 10 10 10 10 10 10 10 10 10 10 10 10 10 10 10 10 10 10 10 10 10 10 10 10 10 10 10 10 10 10 10 10 10 10 10 1 10 
